0
0
1

2


3


4
4
5

6
6
7

8
8
9
9
10
11
12
12
13
14
15
15
16
16
17
17
18
18
19
19
20
20
21
21
22
2223
2

24
24
25
2

26
26
27
2

28
2
29
29
30
30
31
29
32329
33
33
34
2
35
35
36
36
37
37
38
36
39
36
40
3

41
41
42
3

43
44
3

45
45
46
46
47
3

48
3
49
49
50
3

51
3
52
52
53
3

54
3

55
55
56
56
57
57
58
58
58
59
59
60
60
61

62
62
63
63
64
64
65
6
66
6

67
668
69
6
70
6

71
71
72
72
73
73
74
74
75
75
76
76
77
6

78
6
79
79
80
80
81
7

82
82
83
82
84
84
85
85
86
8

87
8

88
88
89
89
90
8

91
8
92
8

93
93
94
94
95
95
96
97
97
98
98
99
99
